Seeds Group 1
8.781016 11.443030 1.000000 0.645681
8.718131 6.778477 1.000000 0.916680
15.418604 6.135064 1.000000 1.832962
13.321918 12.450508 1.000000 2.324855
1.892391 10.238736 1.000000 -2.240877
9.094943 0.300637 1.000000 0.739126
Seeds Group 2
6.672352 11.525192 1.000000 -3.140874
4.837321 2.348094 1.000000 -2.561412
3.271236 14.049879 1.000000 -2.969511
10.727480 6.676877 1.000000 0.368759
1.573549 6.737722 1.000000 2.877005
12.628469 1.651616 1.000000 -0.327395
Seeds Group 3
6.975918 0.414820 1.000000 0.312039
6.965158 6.725885 1.000000 -1.066038
3.274378 9.908335 1.000000 -1.258807
12.565362 13.663605 1.000000 -0.036211
12.698199 9.280067 1.000000 -2.121840
8.000134 14.232321 1.000000 -0.995171
Seeds Group 4
8.812766 11.330365 1.000000 -1.313784
7.052957 0.478019 1.000000 -0.271225
10.386305 4.455797 1.000000 1.107442
2.509884 8.714384 1.000000 1.761270
6.207540 14.982138 1.000000 2.990767
13.768543 9.380046 1.000000 -1.360386
Seeds Group 5
15.472477 8.755716 1.000000 2.969963
11.437056 11.163661 1.000000 -1.783862
4.047718 6.956665 1.000000 1.755415
3.162961 13.807892 1.000000 3.037296
6.978346 15.183637 1.000000 1.798914
13.860629 2.770647 1.000000 -2.670677
Seeds Group 6
3.551891 13.931717 1.000000 -1.842738
14.697775 7.814579 1.000000 0.702107
4.748808 3.003540 1.000000 -2.634280
4.737279 10.060607 1.000000 0.501636
9.598867 4.253106 1.000000 -1.352859
12.839950 13.927729 1.000000 2.656214
Seeds Group 7
14.285762 5.311677 1.000000 2.018342
9.520833 8.477078 1.000000 -0.510148
5.366526 9.960311 1.000000 -0.388669
6.611215 14.020282 1.000000 2.034241
0.871592 11.498196 1.000000 1.898594
8.654990 1.997187 1.000000 2.875483
Seeds Group 8
7.014548 11.575443 1.000000 3.003297
1.152818 4.295024 1.000000 -0.000738
10.867680 12.859825 1.000000 -0.748069
14.553496 3.414166 1.000000 -0.300814
3.684846 8.775839 1.000000 2.570629
7.484046 3.277585 1.000000 -0.058020
Seeds Group 9
13.907113 8.493691 1.000000 -1.679317
0.182381 6.887501 1.000000 -0.613544
8.362795 7.654269 1.000000 0.347815
8.694176 12.174329 1.000000 1.334389
5.340385 3.500817 1.000000 -2.728106
4.322332 12.816894 1.000000 0.868580
Seeds Group 10
0.165986 8.029993 1.000000 -0.026557
3.969619 1.344954 1.000000 -0.970761
11.185718 9.164157 1.000000 2.500752
11.111019 13.197927 1.000000 -0.215711
3.889851 13.974413 1.000000 2.552715
5.646671 7.751975 1.000000 1.242414
Seeds Group 11
10.138372 11.980862 1.000000 -0.009381
3.596746 3.169006 1.000000 1.636963
0.063172 8.195076 1.000000 1.964255
4.670017 14.684386 1.000000 1.348219
8.680710 2.274721 1.000000 -0.795823
10.786138 7.069331 1.000000 -0.414602
Seeds Group 12
7.411496 11.598943 1.000000 -0.501376
7.766834 0.204493 1.000000 -0.079347
11.679432 1.739777 1.000000 2.474973
1.867796 5.061877 1.000000 -2.149400
12.143673 13.092406 1.000000 -0.976253
1.343250 11.403615 1.000000 0.625450
Seeds Group 13
2.466605 11.840795 1.000000 -1.487136
8.539830 0.233199 1.000000 2.631065
0.036148 8.339616 1.000000 0.326962
7.766039 12.290146 1.000000 -2.131780
11.241958 5.241112 1.000000 -1.038940
15.648929 9.993314 1.000000 2.829403
Seeds Group 14
12.443239 3.800660 1.000000 2.037502
7.255188 9.744679 1.000000 1.731184
4.100479 5.561299 1.000000 -3.082450
5.733341 15.185507 1.000000 -1.772493
10.077264 13.981015 1.000000 -3.086830
1.211479 10.503285 1.000000 0.058196
Seeds Group 15
8.223094 12.370641 1.000000 2.327466
15.321660 8.209867 1.000000 -1.141753
8.627199 3.540079 1.000000 1.925679
5.476074 8.622222 1.000000 -3.104687
2.912124 5.153008 1.000000 2.434970
1.333587 11.945026 1.000000 -2.749836
Seeds Group 16
13.581083 2.862335 1.000000 -2.800019
5.784615 4.406415 1.000000 0.188497
1.787860 3.998384 1.000000 2.624046
4.226350 11.484379 1.000000 2.297855
12.168164 7.575591 1.000000 0.061043
8.603924 10.650041 1.000000 -0.852447
Seeds Group 17
3.572657 8.370613 1.000000 0.318567
15.056174 9.018902 1.000000 -2.651552
11.562248 2.535235 1.000000 -1.569029
7.428225 3.440994 1.000000 -0.334100
9.063141 7.552309 1.000000 -1.165114
8.692305 12.275047 1.000000 1.824943
Seeds Group 18
4.714640 8.489388 1.000000 -1.938232
10.501336 10.200334 1.000000 0.475027
0.625007 5.725018 1.000000 2.800310
8.984142 6.336759 1.000000 1.813960
6.695750 2.302463 1.000000 -2.193418
0.883862 11.488595 1.000000 -1.304909
Seeds Group 19
10.405988 8.087254 1.000000 2.378823
2.909444 13.635729 1.000000 1.571653
10.171506 13.556998 1.000000 1.483929
13.786017 3.178150 1.000000 0.987648
5.114978 4.702976 1.000000 -1.244585
9.160447 0.197321 1.000000 1.226716
Seeds Group 20
1.560538 12.179995 1.000000 -1.590036
2.210107 5.303145 1.000000 -2.620091
10.751633 12.905501 1.000000 3.033157
10.170572 3.454772 1.000000 0.308048
6.192108 11.013238 1.000000 -0.798422
11.037736 8.834685 1.000000 0.338202
Seeds Group 21
9.410093 14.363420 1.000000 2.460060
11.068121 6.058895 1.000000 0.116308
4.357062 11.497695 1.000000 1.778164
13.605242 12.403918 1.000000 -2.911224
3.827491 4.076896 1.000000 2.247027
9.724273 0.770518 1.000000 1.228367
Seeds Group 22
0.779598 4.625755 1.000000 1.388373
10.622565 4.929830 1.000000 0.525219
7.934873 13.819194 1.000000 1.626992
6.148001 6.539493 1.000000 1.340583
14.610624 12.172097 1.000000 0.104732
3.478414 12.797893 1.000000 1.424300
Seeds Group 23
3.335369 7.706897 1.000000 -0.499274
13.746912 2.738585 1.000000 -1.012448
3.526472 12.991215 1.000000 -3.075450
8.979259 13.019619 1.000000 1.540011
13.998844 11.918913 1.000000 0.050832
8.252376 4.980235 1.000000 -2.854693
Seeds Group 24
8.276766 15.151402 1.000000 1.667933
4.518334 3.536726 1.000000 1.170068
9.888838 6.590882 1.000000 -3.126105
4.806555 9.433310 1.000000 3.006045
13.159461 10.018929 1.000000 -2.447441
11.485629 1.907627 1.000000 0.605600
Seeds Group 25
5.776902 11.837456 1.000000 3.119323
5.061552 2.184713 1.000000 -0.728975
11.354425 14.402279 1.000000 0.214354
8.987666 8.680958 1.000000 2.472104
13.484473 4.896201 1.000000 0.824164
3.642932 7.776510 1.000000 1.930316
Seeds Group 26
13.921986 9.316431 1.000000 -1.389596
2.974580 6.577602 1.000000 -2.404100
8.899669 5.873285 1.000000 -0.613454
8.944852 0.551196 1.000000 1.381861
4.507212 14.404389 1.000000 1.065705
11.924541 13.253540 1.000000 2.033832
Seeds Group 27
4.926959 8.310264 1.000000 1.685764
12.627532 13.928993 1.000000 -1.960848
11.825948 3.119232 1.000000 -2.012220
14.611429 9.090798 1.000000 -0.091154
10.459270 8.586070 1.000000 3.114819
5.669486 15.577948 1.000000 2.651291
Seeds Group 28
6.811543 13.033340 1.000000 1.479045
13.888051 6.134092 1.000000 3.012515
11.869242 10.610293 1.000000 2.430345
5.209067 5.966999 1.000000 1.845453
2.416964 2.719083 1.000000 -2.631592
11.217139 2.895678 1.000000 0.621515
Seeds Group 29
11.664220 8.979834 1.000000 -2.356401
6.361478 12.500931 1.000000 0.069071
4.703612 2.660379 1.000000 -0.657078
8.170716 4.928596 1.000000 -0.442532
12.381305 2.390140 1.000000 1.415948
2.328635 12.244345 1.000000 1.770507
Seeds Group 30
13.820160 4.558495 1.000000 -2.681309
8.676750 11.626173 1.000000 2.192235
3.871783 11.524939 1.000000 -2.774797
4.094638 4.570751 1.000000 1.159020
13.454716 12.946455 1.000000 -3.141194
10.274409 7.658299 1.000000 0.993502
Seeds Group 31
10.306297 6.091976 1.000000 1.024460
3.760926 9.371108 1.000000 -0.586283
8.290822 12.269682 1.000000 2.725961
6.022724 0.425990 1.000000 -0.036762
5.058134 5.540007 1.000000 -1.603269
13.103615 2.610894 1.000000 -2.989824
Seeds Group 32
3.330647 2.190673 1.000000 2.565888
8.696555 1.430395 1.000000 -0.738945
10.696967 6.866704 1.000000 -2.865407
3.108576 7.146552 1.000000 -2.748433
4.761077 15.098094 1.000000 -1.364638
9.271414 11.493089 1.000000 -0.582681
Seeds Group 33
13.742228 5.963378 1.000000 0.346384
9.544855 1.468546 1.000000 -0.972724
8.823805 11.259400 1.000000 0.561725
0.798924 8.988669 1.000000 1.673580
2.569985 12.972428 1.000000 -2.920756
4.934566 0.720999 1.000000 -1.642575
Seeds Group 34
3.976162 7.199607 1.000000 -0.559575
4.164795 13.926331 1.000000 -1.978953
10.887213 7.785410 1.000000 2.921850
6.294380 1.272921 1.000000 -0.933635
7.558206 11.705226 1.000000 1.716665
15.549199 6.864579 1.000000 1.169202
Seeds Group 35
1.483260 10.126283 1.000000 -3.054314
14.978537 6.825190 1.000000 -1.551404
12.927885 13.224181 1.000000 -1.434556
7.560586 8.905416 1.000000 -0.718950
7.106360 3.393697 1.000000 -2.043963
8.236769 14.286361 1.000000 2.662067
Seeds Group 36
7.328879 4.933594 1.000000 -1.687117
4.438793 13.075757 1.000000 -2.441981
10.914795 10.863533 1.000000 1.864331
3.558177 2.366463 1.000000 0.099213
15.658600 9.906636 1.000000 2.324280
13.304831 5.686206 1.000000 -1.662457
Seeds Group 37
11.656115 9.625827 1.000000 2.841135
2.290775 12.917746 1.000000 -0.859448
2.984909 4.146420 1.000000 0.815321
6.005492 7.243899 1.000000 -1.595432
7.362025 3.366512 1.000000 1.073727
7.007891 13.968665 1.000000 -1.907319
Seeds Group 38
15.111946 7.425571 1.000000 -1.930226
9.310318 9.921347 1.000000 1.157514
1.655001 11.927612 1.000000 -1.369866
5.835596 12.854573 1.000000 2.954622
5.327668 7.654718 1.000000 -2.017296
14.440552 12.217211 1.000000 -1.892115
Seeds Group 39
6.156370 13.755326 1.000000 2.790989
11.245198 10.138146 1.000000 0.665774
3.202029 6.198206 1.000000 -1.514353
7.014946 7.731985 1.000000 2.315288
10.474854 15.213740 1.000000 2.983066
11.653658 1.410329 1.000000 1.841191
Seeds Group 40
8.750226 12.766384 1.000000 2.013144
1.952798 9.632032 1.000000 0.160313
7.422534 7.543132 1.000000 0.833859
15.140162 10.048737 1.000000 -1.556535
11.523424 4.735575 1.000000 -0.091694
4.698447 2.135849 1.000000 1.400907
Seeds Group 41
6.522992 0.885857 1.000000 1.812918
4.596883 7.205609 1.000000 -1.232055
8.422392 9.980995 1.000000 1.739031
14.468275 7.198478 1.000000 -2.394367
13.364803 3.235972 1.000000 -2.047045
8.671758 5.090488 1.000000 -2.230591
Seeds Group 42
10.829060 0.695512 1.000000 -2.410081
10.696251 14.679166 1.000000 -0.510320
5.316158 4.528538 1.000000 -1.971147
1.112327 11.279721 1.000000 -1.164419
11.924518 6.371405 1.000000 0.680007
14.413727 9.639311 1.000000 1.205088
Seeds Group 43
5.992642 15.211429 1.000000 1.457661
9.578536 2.496298 1.000000 -2.161450
9.617840 11.329161 1.000000 -3.012256
3.397426 2.909199 1.000000 -1.989228
4.867876 8.396103 1.000000 -0.427602
0.743207 9.720718 1.000000 -2.070158
Seeds Group 44
1.840873 9.745065 1.000000 -2.303473
3.849434 5.234225 1.000000 2.256527
10.657443 8.658595 1.000000 -2.959293
12.832754 4.070738 1.000000 -2.784174
6.166031 15.271810 1.000000 -0.340810
10.181979 15.651266 1.000000 2.567704
Seeds Group 45
11.914248 5.768013 1.000000 -0.883976
6.545162 8.158439 1.000000 1.320399
6.842424 1.815419 1.000000 -1.772494
14.109188 10.342569 1.000000 -1.798092
7.339265 13.981811 1.000000 -1.517701
2.381569 9.007199 1.000000 -2.141591
Seeds Group 46
15.824184 8.792716 1.000000 -1.373207
1.236633 7.111512 1.000000 -0.170853
9.892712 4.522675 1.000000 2.990817
6.207720 13.101975 1.000000 -2.673239
7.323808 8.918923 1.000000 -1.558543
1.763861 11.626195 1.000000 -1.193341
Seeds Group 47
12.541318 10.157339 1.000000 -1.576809
12.129214 5.009231 1.000000 2.747243
0.685847 7.053875 1.000000 2.593211
7.280063 8.126949 1.000000 -2.608100
1.665190 12.833729 1.000000 -0.660790
10.044289 0.575817 1.000000 -1.257216
Seeds Group 48
11.659754 5.623485 1.000000 1.304422
12.793674 10.328990 1.000000 -0.536586
1.579615 4.806983 1.000000 0.885022
5.155327 2.967906 1.000000 2.621304
8.848411 14.963773 1.000000 0.079316
8.422462 8.750160 1.000000 -1.516319
Seeds Group 49
4.557779 4.783622 1.000000 1.834905
5.191530 13.835366 1.000000 -0.329788
8.771679 5.714752 1.000000 -2.435915
3.415039 8.723668 1.000000 0.974311
10.878635 14.546651 1.000000 -1.218461
7.146855 1.066668 1.000000 -0.872764
Seeds Group 50
4.815431 3.952989 1.000000 2.678743
14.265655 10.932428 1.000000 0.420249
11.546407 7.980486 1.000000 -0.363088
4.994626 11.230500 1.000000 1.304445
14.503993 4.030864 1.000000 -1.238287
9.611033 15.518398 1.000000 0.689917
