Frame Seed Phase [ PosX PosY ] 
0 0 -1.0624918451764942 [16.78101606 19.44302986] 
0 1 0.8929378285268879 [23.41860417 14.1350643 ] 
0 2 -2.7932975909454387 [20.45050802 21.92019437] 
0 3 -1.9249113175007444 [ 9.89239081 18.23873634] 
0 4 0.15596093129214017 [16.34957315 14.63459104] 
0 5 2.5743564046750196 [23.09996926 18.90912479] 
1 0 -3.0358281567592376 [14.67235208 19.5251919 ] 
1 1 1.1966309268642386 [10.98016338 13.52897163] 
1 2 2.5771742666158532 [11.271236   22.04987898] 
1 3 -1.5197330791961365 [23.32623248 16.53064456] 
1 4 -0.551341393828443 [19.07003382 13.0482501 ] 
1 5 -2.3896133258018284 [18.98401484 21.35401075] 
2 0 -0.044094466954081035 [14.97591843  8.41481971] 
2 1 2.3740753801144985 [16.79459965 14.96515828] 
2 2 -2.6668225052948196 [11.27437814 17.90833546] 
2 3 -1.0229666588259327 [12.79447478 12.2692364 ] 
2 4 1.7790334797753866 [21.66360468 15.9077894 ] 
2 5 -1.7121208767510823 [14.98795621 20.42494696] 
3 0 2.5027697335302106 [16.81276644 19.33036516] 
3 1 0.7469267417365915 [12.65447582 16.17324168] 
3 2 1.7495413588072548 [10.00936497 11.31588605] 
3 3 -0.955583067575128 [ 8.47801937 15.30933159] 
3 4 -2.608284602810788 [18.38630476 12.45579652] 
3 5 0.08450384720095494 [14.20754012 22.9821384 ] 
4 0 -0.8196701033189764 [23.47247742 16.75571599] 
4 1 0.6163507054210964 [19.16366119 11.45743193] 
4 2 1.296452476742445 [12.0477178  14.95666452] 
4 3 -2.106553366671444 [14.97834635 23.18363691] 
4 4 -0.23535084851825872 [20.58089577 21.86062878] 
4 5 2.037256532508297 [16.39046528 18.20176391] 
5 0 -1.4952014515031766 [11.55189074 21.9317169 ] 
5 1 -2.3078637882311117 [15.81457902 17.78790181] 
5 2 2.432996219257773 [20.2545257  16.29468781] 
5 3 -3.001023303506089 [12.74880803 11.00353966] 
5 4 0.9057326529503742 [22.0789925  12.38538339] 
5 5 0.1991387000495779 [17.59886715 12.25310588] 
6 0 -0.5362718322893776 [22.28576242 13.31167688] 
6 1 0.962321075162266 [ 9.72250688 17.52083303] 
6 2 -2.664719559626236 [16.4770778  14.70091886] 
6 3 -1.4999812372938632 [15.01026282 19.7741137 ] 
6 4 -2.045435043149172 [22.02028248 21.18015092] 
6 5 1.7407367456147123 [14.49772474 23.83007757] 
7 0 -1.9569124043904802 [15.0145477  19.57544285] 
7 1 -0.30340257453338815 [23.64783219 16.61593393] 
7 2 -0.9880229893194858 [16.01792742  9.15281813] 
7 3 1.7042423797209114 [12.29502368 15.99812001] 
7 4 0.6602702605058579 [18.86767994 20.85982458] 
7 5 -3.13334073888415 [18.70421185 15.48404576] 
8 0 1.0868320474612405 [21.90711264 16.49369106] 
8 1 2.292583431582435 [14.88750109 14.43762176] 
8 2 -0.9744104373365463 [10.04569141 13.15409269] 
8 3 0.30374141509749863 [14.29815864 22.33832008] 
8 4 -0.41833359416721905 [ 9.09904214 17.65831162] 
8 5 -3.0902825819526476 [16.57830891  9.60618871] 
9 0 0.6148202093784962 [ 8.16598646 16.02999347] 
9 1 1.8367578767602017 [15.93237269 10.14127246] 
9 2 2.4729897390642916 [10.27377737 11.49693881] 
9 3 -2.068570695841105 [19.18571826 17.16415705] 
9 4 1.2436694584103023 [14.18363471 19.11101884] 
9 5 -1.1353943714833155 [16.33735538 23.12827867] 
10 0 -2.618449473989255 [18.13837176 19.98086212] 
10 1 -1.4025885041832324 [15.9761122  11.59674633] 
10 2 1.6508250170468548 [11.16900584 20.1684914 ] 
10 3 0.4803419806000546 [ 8.06317226 16.19507621] 
10 4 -1.991042165219758 [22.68438596 19.43321253] 
10 5 -0.8715232973595781 [22.53838209 13.10777742] 
11 0 0.4209558199148611 [15.41149642 19.59894287] 
11 1 -1.0510663435330048 [ 8.20449303 15.79794572] 
11 2 -2.1652909328126535 [19.67943152  9.73977715] 
11 3 1.0964720643079175 [13.06187699 10.52659691] 
11 4 -2.7779018712751538 [20.14367341 21.09240573] 
11 5 2.2535676793599153 [20.68194216 16.98909936] 
12 0 -0.789916434874435 [10.46660548 19.84079514] 
12 1 2.613475733893882 [ 8.03614774 16.33961644] 
12 2 -2.1147061202243407 [16.83260213 15.76603862] 
12 3 -2.9382080805727853 [20.29014647 10.57146805] 
12 4 1.0947102851096657 [15.53967645 21.05869277] 
12 5 0.5376698031721898 [20.27961041 21.20014805] 
13 0 -0.3663380747284011 [20.44323857 11.80065952] 
13 1 2.3846697012962457 [23.56161782 15.25518796] 
13 2 -3.141523061227554 [17.7446794  20.40842423] 
13 3 -1.7132690588270423 [13.96566445 18.87756723] 
13 4 0.9773809046016471 [12.10047919 13.56129944] 
13 5 -0.9478379357608535 [18.50328535 16.1481952 ] 
14 0 0.7501250933560413 [16.2230935  20.37064083] 
14 1 -1.6518878802826336 [12.95577481 23.32165983] 
14 2 1.9912009268462763 [16.2098674 13.0925508] 
14 3 -2.659569010041095 [20.90370173 13.47607401] 
14 4 -0.7825399146699366 [16.62222159  8.09398057] 
14 5 2.591758939427539 [12.80147169 15.59849226] 
15 0 -2.9729609793105465 [21.58108316 10.8623348 ] 
15 1 -0.2529354307649756 [ 8.86981143 13.78461514] 
15 2 -2.3745438159822365 [12.40641486 16.4800036 ] 
15 3 0.5566932123317065 [19.484379   21.85144055] 
15 4 2.4947381223832172 [20.16816438 15.57559108] 
15 5 -1.234495158690029 [ 9.25329454 19.13084497] 
16 0 2.4799267497242274 [11.57265727 16.37061346] 
16 1 1.543013669886494 [16.81122331  8.7296312 ] 
16 2 -0.651033946109544 [13.77166137 11.56929507] 
16 3 -2.8653987049811622 [19.14577143 15.42822541] 
16 4 0.7659116284485696 [20.27504681 20.64718026] 
16 5 -0.09382411039491778 [14.72165687 19.34804532] 
17 0 -0.7214199049734376 [12.71464004 16.48938809] 
17 1 -2.309369613316382 [20.59176736 18.50133635] 
17 2 -2.8221216886728793 [ 8.62500666 13.72501767] 
17 3 1.010949495045593 [ 8.81909865 18.43869785] 
17 4 -1.4510672239878526 [15.73645799 12.52781057] 
17 5 1.6663389668356032 [14.33675898 20.61921135] 
18 0 0.9890864347609973 [18.40598787 16.08725398] 
18 1 -0.05797609041413132 [22.05762353 10.90944361] 
18 2 -3.070271304018325 [21.6357291  20.00218058] 
18 3 -1.53471703483638 [ 9.78565009 12.76357987] 
18 4 2.6264712576436615 [11.17814975 18.51502449] 
18 5 -2.534269405842606 [16.84053902 11.06683848] 
19 0 -0.9848858020005116 [ 9.56053763 20.17999547] 
19 1 2.3302262166828758 [11.95100757 10.210107  ] 
19 2 1.3540122368246266 [18.7516333  20.90550077] 
19 3 0.37478239417108883 [16.72895933 11.74521717] 
19 4 -1.5889027799335962 [ 9.81961349 15.99454827] 
19 5 -2.7669187255819354 [14.1921083  19.01323813] 
20 0 0.5090608002893742 [17.41009282 22.36341965] 
20 1 1.7133793996125322 [14.05889507 16.29617513] 
20 2 -0.4753163909204612 [18.52722345 11.10160349] 
20 3 -1.5870999782436157 [ 9.86709976 20.02049119] 
20 4 -2.7522416289373064 [11.82749146 12.07689622] 
20 5 -2.2068638701328984 [20.32403093 15.87809663] 
21 0 -1.4141997813896008 [ 8.77959809 12.62575456] 
21 1 -0.48051583595754366 [12.8363503  18.62256471] 
21 2 1.4841941024420136 [15.9348728  21.81919431] 
21 3 0.41405258241476695 [20.14884084 14.14800051] 
21 4 2.0536759933599456 [22.61062351 20.17209711] 
21 5 -2.333886070409301 [16.2666966  10.68537224] 
22 0 -1.3414914254296941 [11.3353686  15.70689699] 
22 1 -2.877523491329313 [14.72860857 21.74691198] 
22 2 -0.6104042909663319 [21.019619   19.92160474] 
22 3 0.818898730140563 [19.23100615 12.76125227] 
22 4 1.7694347870875617 [16.12944261 10.05334243] 
22 5 -1.9990751860765004 [15.74854782 16.25237581] 
23 0 1.8885356668999433 [16.27676614 23.15140166] 
23 1 -0.6629089497635086 [20.24735615 12.5183335 ] 
23 2 1.0098775499708887 [11.53672581 18.97955336] 
23 3 -2.452082587560581 [10.67422725 14.27907946] 
23 4 0.3074075314588698 [21.15946143 18.01892861] 
23 5 -1.7502535107003983 [14.74554442 13.54383104] 
24 0 0.5085791297249029 [13.77690166 19.83745584] 
24 1 2.4705697553705557 [10.18471328 14.14368016] 
24 2 -1.8248582020645872 [19.354425   22.40227889] 
24 3 -0.3307802901624326 [16.54584703 11.95670024] 
24 4 1.5267061383050784 [18.748905   16.98766572] 
24 5 -2.431426267529207 [21.48447279 12.89620144] 
25 0 1.7287414809560468 [21.92198619 17.31643086] 
25 1 -0.59224261616838 [12.46142305 10.97457971] 
25 2 0.026309124527482908 [16.8996692  13.87328515] 
25 3 -1.6845927766833029 [10.59176166 16.33150061] 
25 4 -2.982705759503164 [13.86231278 21.38199213] 
25 5 -2.1951655412936426 [19.40082806  9.56699443] 
26 0 0.1543445349704804 [12.92695924 16.31026367] 
26 1 -0.7759257966447568 [20.29276258 20.62753178] 
26 2 1.799233661964121 [21.928993   11.00674227] 
26 3 -2.5822493485795275 [17.09079753 15.76787766] 
26 4 2.4890424687204638 [23.60546619 17.91291958] 
26 5 -1.7558522212264638 [12.43195629 10.02287926] 
27 0 -1.8654971162690699 [14.81154257 21.03333985] 
27 1 1.0545305034517884 [19.76635664 21.8880512 ] 
27 2 1.770847058878691 [22.29110955 11.35544272] 
27 3 -0.3854003253511147 [10.9880935  13.20906747] 
27 4 0.2966282469203998 [ 9.13026073 19.21713877] 
27 5 -2.701856792649706 [14.64421839 16.21715599] 
28 0 1.0532700698544346 [19.66421988 16.97983364] 
28 1 2.382196171560647 [ 9.99947347 14.3614779 ] 
28 2 -2.7188662429463846 [10.92309373 21.656206  ] 
28 3 -0.5555676025000498 [12.70361228 10.66037924] 
28 4 1.7227489975841355 [14.32676544 16.17071576] 
28 5 -1.688957051315819 [20.38130494 10.39013969] 
29 0 -1.4894989595301753 [21.82015977 12.55849544] 
29 1 0.8167880302595685 [15.24350492 16.67674998] 
29 2 1.721602004626667 [19.62617253 21.58248172] 
29 3 -3.1412254458745603 [11.8717828  19.52493908] 
29 4 2.3872042170902077 [ 8.93403689 14.55470282] 
29 5 -0.3383150811817557 [17.77075638 12.09463799] 
30 0 -1.267645004727665 [18.30629658 14.09197583] 
30 1 0.1942180248969878 [23.40172502 13.54658945] 
30 2 -2.3445142694038354 [10.17974915 16.7061806 ] 
30 3 -2.963343944905665 [16.29082155 20.2696817 ] 
30 4 2.289718952477764 [11.76288796 11.82378195] 
30 5 0.8574478239634686 [21.11500244 18.9518564 ] 
31 0 -2.619737105880007 [11.33064739 10.19067278] 
31 1 -1.2747772400668678 [ 9.20532356 16.69655503] 
31 2 2.12633050474693 [18.69696703 14.86670436] 
31 3 1.1962605412895604 [12.76107651 23.0980944 ] 
31 4 -0.42781088680632084 [15.38307925 18.80359979] 
31 5 0.20955137520523381 [16.35934205  9.10586681] 
32 0 -2.21267385036053 [21.74222828 13.96337848] 
32 1 1.547279639028516 [16.88206045 23.29050478] 
32 2 -2.9383300297046864 [17.7457467  17.54485498] 
32 3 -0.048243582904800686 [ 9.46854616 13.52297989] 
32 4 -1.3579982755787159 [17.4304197   8.79892415] 
32 5 0.7611004835246291 [10.5987799  19.34992935] 
33 0 -1.0448293678071372 [11.97616204 15.19960674] 
33 1 0.9667922757580039 [21.92633101 10.96063883] 
33 2 -2.9582208508250325 [18.88721288 15.78541002] 
33 3 -0.40968608739235446 [17.96447924 10.27918105] 
33 4 -1.7464293160756557 [13.66371513  9.26448482] 
33 5 -2.3513224728668773 [12.7238053  21.44973576] 
34 0 -0.39055944332399095 [ 9.48326009 18.12628298] 
34 1 -2.135177468005406 [14.82519011 12.04938321] 
34 2 2.3695988365064187 [21.90989994 17.74457126] 
34 3 -2.9039271511195146 [12.34693334 21.38362305] 
34 4 1.7822314294972719 [18.49479098 21.67084855] 
34 5 1.1656199373074658 [21.29349108 12.66434461] 
35 0 1.8893196987020122 [15.32887917 12.93359371] 
35 1 -1.7022914217487712 [18.91479479 18.86353254] 
35 2 0.5771918888901619 [20.0013477  11.55817672] 
35 3 0.016163489262304598 [10.36646253 16.2526444 ] 
35 4 -2.448993510796898 [14.44732618 21.31402471] 
35 5 -1.1574008273148337 [23.65859955 17.90663624] 
36 0 -2.134001837063209 [19.65611507 17.6258274 ] 
36 1 -1.164114834684201 [20.91774608 13.81143354] 
36 2 2.631057515739874 [10.984909   12.14641981] 
36 3 -2.994602135457452 [18.07619748  8.52097474] 
36 4 -0.3472471485124262 [15.24389929 11.93726704] 
36 5 0.5583113773533572 [11.89427258 16.39724955] 
37 0 -2.845321059877586 [23.11194565 15.42557079] 
37 1 -1.032321776341544 [11.08472046 17.31031803] 
37 2 1.5046811019701236 [17.92134736 18.94758428] 
37 3 2.4695007940877236 [15.0958215  23.41544564] 
37 4 -0.37480186668207427 [22.35306486 11.14886861] 
37 5 -2.1067642362117605 [19.27918967 22.86819229] 
38 0 2.495680850212465 [14.15636991 21.75532555] 
38 1 -0.5476336094960166 [23.10719417 19.2451983 ] 
38 2 1.4807508044610387 [18.13814555 17.69538051] 
38 3 -2.63183057250544 [11.20202949 14.1982062 ] 
38 4 0.4145240716066625 [12.14373062  9.1937165 ] 
38 5 -1.9225785838137706 [18.47485411 23.21373964] 
39 0 -1.8614419651021492 [16.7502265  20.76638434] 
39 1 -2.9118664521939444 [21.12643008  9.95279787] 
39 2 -2.369592147245667 [17.63203211 16.40823333] 
39 3 1.0394263689151346 [22.71336227 14.63729274] 
39 4 -1.1368678151746234 [16.41763596 11.00155584] 
39 5 2.293898687056152 [ 9.81204783 17.79779521] 
40 0 0.7319546804804165 [14.52299245  8.88585664] 
40 1 2.395223807183135 [20.61655804 12.59688296] 
40 2 1.677727957982218 [15.20560939 12.86259689] 
40 3 -0.20194193275402705 [16.42239239 17.98099541] 
40 4 -1.0463683623623927 [20.42840732 18.97986633] 
40 5 -3.0573053331145505 [10.78724273 15.18635328] 
41 0 -2.5630926725726972 [18.82905986  8.69551177] 
41 1 1.1457826738942165 [ 9.86277925 17.66185102] 
41 2 -1.2742511014879663 [22.67916558 14.70048139] 
41 3 0.5765750178945517 [13.3161576  12.52853816] 
41 4 2.6385375686619046 [17.73162335 19.6553038 ] 
41 5 1.9048209777372715 [13.96834232 17.33769664] 
42 0 0.39686601732397 [13.9926419 23.2114289] 
42 1 -2.334873808225148 [19.71190307 17.57853575] 
42 2 -1.4520660146097752 [10.49629825 10.49591233] 
42 3 -0.5040554218202051 [21.31908225 11.39742577] 
42 4 1.3992254298888893 [12.86787589 16.39610291] 
42 5 -2.8729613092350745 [14.9111203  12.65966624] 
43 0 -2.6982380533616226 [ 9.84087306 17.74506463] 
43 1 1.7349320087304339 [10.13425543 11.84943392] 
43 2 2.476569989637216 [13.23422489 21.74619986] 
43 3 -0.9128865445336252 [18.65744341 16.6585954 ] 
43 4 0.731549112103731 [21.86637825 11.53646393] 
43 5 -1.4181831869184591 [14.47983117 13.05754354] 
44 0 1.6779185817032714 [19.91424771 13.76801338] 
44 1 0.9658030018417607 [13.7489734  17.74781409] 
44 2 2.2373642132468934 [14.84242434  9.81541922] 
44 3 -2.5923520751960116 [15.33926512 21.98181096] 
44 4 -0.5015892806423254 [19.37753098  9.16012501] 
44 5 -1.5711099626274219 [22.12178531 19.6169251 ] 
45 0 1.9465320059250324 [23.82418422 16.79271563] 
45 1 -2.208887347234365 [12.50315683  9.23663306] 
45 2 -1.378222561792949 [15.11151194 15.56492752] 
45 3 0.35605016087338637 [ 9.85521138 18.03826692] 
45 4 1.0981732705554696 [17.89271174 12.5226753 ] 
45 5 -2.9136206287260227 [15.86821051 23.85245925] 
46 0 -2.6206129235401954 [20.54131761 18.1573393 ] 
46 1 0.748032994371779 [11.98468946 20.12921383] 
46 2 2.520099061832937 [ 8.68584717 15.05387525] 
46 3 -1.6626388744665994 [16.12694945  9.35852728] 
46 4 -0.12976988848900728 [21.87330233 13.17865323] 
46 5 1.430623123932567 [17.85078197 21.80134351] 
47 0 -2.2997491182444025 [19.65975414 13.62348489] 
47 1 -0.16756230252776927 [19.32168221 20.79367363] 
47 2 -1.3763186194774268 [ 9.57961528 12.80698297] 
47 3 0.6063259558141523 [16.20197648 10.84179305] 
47 4 2.376196180934257 [13.78980605 16.42246217] 
47 5 -2.800243285326782 [15.55021335 23.50123077] 
48 0 2.4267321698827677 [12.55777868 12.78362204] 
48 1 0.20829048681989182 [20.67254817 13.19152956] 
48 2 1.0691498971508997 [15.11934523 19.7116836 ] 
48 3 -0.9278537402734988 [10.33882273 20.62054749] 
48 4 -2.3165319471172876 [18.87863507 22.54665072] 
48 5 -3.136981696482412 [ 8.55644495 13.92318481] 
49 0 -1.0872474103556695 [12.81543129 11.95298931] 
49 1 2.1008623588026003 [18.93242816 17.07015455] 
49 2 -1.6846405478797175 [20.31607149 22.33968162] 
49 3 -2.701795126708901 [15.07540453 20.83888844] 
49 4 0.5434208596883741 [21.51730089 11.66621127] 
49 5 -0.36362924467460944 [23.08846027 17.70213067] 
